0 0.8576388888888888 0.5864197530864198 0.0875 0.04691358024691358
0 0.7895833333333333 0.7185185185185186 0.14583333333333334 0.11358024691358025
1 0.07569444444444444 0.040740740740740744 0.09583333333333334 0.07654320987654321
1 0.18472222222222223 0.0345679012345679 0.08333333333333333 0.06419753086419754
1 0.029166666666666667 0.1469135802469136 0.05555555555555555 0.1259259259259259
1 0.029861111111111113 0.2654320987654321 0.04861111111111111 0.1111111111111111
1 0.029166666666666667 0.43209876543209874 0.05277777777777778 0.08888888888888889
1 0.09166666666666666 0.48148148148148145 0.05 0.07901234567901234
1 0.38125 0.1259259259259259 0.0625 0.08888888888888889
1 0.43472222222222223 0.2037037037037037 0.075 0.145679012345679
1 0.1125 0.19135802469135801 0.06944444444444445 0.11604938271604938
1 0.18541666666666667 0.2617283950617284 0.07361111111111111 0.12839506172839507
1 0.21875 0.6197530864197531 0.0763888888888889 0.11851851851851852
1 0.3701388888888889 0.7012345679012346 0.09027777777777778 0.11358024691358025
1 0.3506944444444444 0.808641975308642 0.09861111111111111 0.1308641975308642
1 0.5611111111111111 0.7666666666666667 0.11666666666666667 0.19012345679012346
1 0.66875 0.4345679012345679 0.08472222222222223 0.13333333333333333
1 0.7486111111111111 0.5024691358024691 0.06388888888888888 0.14074074074074075
1 0.85 0.30617283950617286 0.044444444444444446 0.05925925925925926
