1 0.015104166666666667 0.9837962962962963 0.0296875 0.032407407407407406
0 0.026432291666666666 0.924074074074074 0.05234375 0.08611111111111111
1 0.18671875 0.5319444444444444 0.036458333333333336 0.05555555555555555
1 0.20833333333333334 0.5606481481481481 0.019791666666666666 0.03611111111111111
1 0.229296875 0.5078703703703704 0.045572916666666664 0.06018518518518518
1 0.2799479166666667 0.5053240740740741 0.0375 0.06342592592592593
1 0.24010416666666667 0.7611111111111111 0.053125 0.075
1 0.41953125 0.6081018518518518 0.071875 0.1050925925925926
1 0.6005208333333333 0.6578703703703703 0.071875 0.18611111111111112
1 0.6727864583333333 0.362962962962963 0.04192708333333333 0.11481481481481481
1 0.707421875 0.48148148148148145 0.09296875 0.10648148148148148
1 0.8375 0.48518518518518516 0.1234375 0.1111111111111111
