1 0.4486111111111111 0.1580246913580247 0.025 0.05432098765432099
1 0.47152777777777777 0.2222222222222222 0.03194444444444444 0.04938271604938271
1 0.40625 0.17407407407407408 0.034722222222222224 0.06172839506172839
1 0.21180555555555555 0.8098765432098766 0.1486111111111111 0.25679012345679014
1 0.35555555555555557 0.8790123456790123 0.058333333333333334 0.1382716049382716
1 0.42569444444444443 0.6012345679012345 0.04861111111111111 0.1259259259259259
1 0.475 0.6135802469135803 0.06666666666666667 0.1259259259259259
1 0.6520833333333333 0.7358024691358025 0.09027777777777778 0.16296296296296298
1 0.5270833333333333 0.9395061728395062 0.06805555555555555 0.12098765432098765
1 0.6118055555555556 0.408641975308642 0.04583333333333333 0.06666666666666667
1 0.45069444444444445 0.39012345679012345 0.05138888888888889 0.08888888888888889
1 0.31805555555555554 0.2222222222222222 0.05277777777777778 0.11358024691358025
1 0.41597222222222224 0.25308641975308643 0.029166666666666667 0.07160493827160494
1 0.44583333333333336 0.2814814814814815 0.030555555555555555 0.07901234567901234
2 0.7173611111111111 0.817283950617284 0.08194444444444444 0.15308641975308643
2 0.8243055555555555 0.8123456790123457 0.059722222222222225 0.09876543209876543
2 0.9736111111111111 0.5765432098765432 0.05277777777777778 0.08148148148148149
2 0.7618055555555555 0.7111111111111111 0.04027777777777778 0.09382716049382717
