1 0.26666666666666666 0.05185185185185185 0.05 0.09876543209876543
2 0.45 0.7765432098765432 0.075 0.1506172839506173
1 0.9451388888888889 0.028395061728395062 0.09027777777777778 0.05185185185185185
1 0.9131944444444444 0.10864197530864197 0.08472222222222223 0.15308641975308643
1 0.8402777777777778 0.337037037037037 0.08055555555555556 0.15555555555555556
1 0.7805555555555556 0.5160493827160494 0.075 0.1580246913580247
1 0.8326388888888889 0.6358024691358025 0.13194444444444445 0.254320987654321
1 0.8618055555555556 0.9333333333333333 0.13194444444444445 0.13333333333333333
1 0.7145833333333333 0.7617283950617284 0.07361111111111111 0.17530864197530865
1 0.66875 0.6925925925925925 0.07361111111111111 0.14074074074074075
1 0.59375 0.6246913580246913 0.0625 0.11358024691358025
1 0.6069444444444444 0.9320987654320988 0.08333333333333333 0.13580246913580246
1 0.5638888888888889 0.9740740740740741 0.041666666666666664 0.05185185185185185
1 0.5138888888888888 0.9382716049382716 0.058333333333333334 0.09382716049382717
1 0.46041666666666664 0.980246913580247 0.04861111111111111 0.03950617283950617
1 0.4840277777777778 0.7061728395061728 0.07083333333333333 0.10864197530864197
1 0.5305555555555556 0.5851851851851851 0.05 0.09382716049382717
1 0.54375 0.47530864197530864 0.06805555555555555 0.1111111111111111
1 0.46805555555555556 0.5938271604938271 0.058333333333333334 0.10123456790123457
1 0.47430555555555554 0.4876543209876543 0.05694444444444444 0.08641975308641975
1 0.4423611111111111 0.40987654320987654 0.06805555555555555 0.10864197530864197
1 0.4013888888888889 0.4740740740740741 0.06111111111111111 0.11358024691358025
1 0.39861111111111114 0.5703703703703704 0.06388888888888888 0.11851851851851852
1 0.3458333333333333 0.44938271604938274 0.05555555555555555 0.08395061728395062
1 0.30625 0.3345679012345679 0.05416666666666667 0.08641975308641975
1 0.25972222222222224 0.32469135802469135 0.04722222222222222 0.08641975308641975
1 0.2833333333333333 0.4567901234567901 0.06111111111111111 0.10864197530864197
2 0.3145833333333333 0.562962962962963 0.0625 0.09382716049382717
1 0.3215277777777778 0.6469135802469136 0.06805555555555555 0.12839506172839507
1 0.2701388888888889 0.6950617283950618 0.05416666666666667 0.10123456790123457
1 0.25 0.774074074074074 0.05 0.10123456790123457
1 0.22361111111111112 0.8925925925925926 0.05277777777777778 0.10123456790123457
1 0.35694444444444445 0.9432098765432099 0.06111111111111111 0.1037037037037037
1 0.2548611111111111 0.9679012345679012 0.04861111111111111 0.06419753086419754
1 0.3055555555555556 0.9876543209876543 0.041666666666666664 0.024691358024691357
1 0.20277777777777778 0.7679012345679013 0.05277777777777778 0.09876543209876543
1 0.22569444444444445 0.6765432098765433 0.0625 0.09876543209876543
1 0.2548611111111111 0.5469135802469136 0.06805555555555555 0.10123456790123457
1 0.21041666666666667 0.5901234567901235 0.059722222222222225 0.09382716049382717
1 0.17847222222222223 0.7419753086419754 0.05694444444444444 0.0962962962962963
1 0.12916666666666668 0.6987654320987654 0.06666666666666667 0.12345679012345678
1 0.16527777777777777 0.5654320987654321 0.05 0.09382716049382717
1 0.20694444444444443 0.48271604938271606 0.05277777777777778 0.0962962962962963
1 0.12430555555555556 0.8148148148148148 0.05416666666666667 0.12839506172839507
1 0.1736111111111111 0.8654320987654321 0.05277777777777778 0.13580246913580246
1 0.11180555555555556 0.9839506172839506 0.05416666666666667 0.03209876543209877
1 0.12777777777777777 0.9123456790123456 0.058333333333333334 0.0962962962962963
