0 0.11041666666666666 0.8962962962962963 0.043055555555555555 0.13333333333333333
2 0.041666666666666664 0.9012345679012346 0.08055555555555556 0.11358024691358025
2 0.025 0.7444444444444445 0.04722222222222222 0.10123456790123457
1 0.4048611111111111 0.20246913580246914 0.05694444444444444 0.09876543209876543
0 0.6479166666666667 0.1111111111111111 0.04861111111111111 0.06419753086419754
0 0.6965277777777777 0.05308641975308642 0.05416666666666667 0.07654320987654321
0 0.35138888888888886 0.35185185185185186 0.05 0.07160493827160494
0 0.33611111111111114 0.30864197530864196 0.075 0.08395061728395062
0 0.22569444444444445 0.5246913580246914 0.07083333333333333 0.07654320987654321
0 0.5618055555555556 0.7765432098765432 0.05138888888888889 0.17530864197530865
2 0.6298611111111111 0.9407407407407408 0.10694444444444444 0.11851851851851852
2 0.7138888888888889 0.1259259259259259 0.06666666666666667 0.08888888888888889
2 0.2902777777777778 0.1345679012345679 0.08055555555555556 0.17530864197530865
0 0.06875 0.22098765432098766 0.09861111111111111 0.07160493827160494
