2 0.9472222222222222 0.8765432098765432 0.10555555555555556 0.21728395061728395
0 0.4618055555555556 0.7049382716049383 0.09583333333333334 0.14074074074074075
2 0.8069444444444445 0.21728395061728395 0.125 0.1580246913580247
2 0.8708333333333333 0.33209876543209876 0.10277777777777777 0.2
0 0.9805555555555555 0.07037037037037037 0.03888888888888889 0.13580246913580246
0 0.7333333333333333 0.019753086419753086 0.041666666666666664 0.0345679012345679
0 0.8166666666666667 0.06049382716049383 0.13333333333333333 0.11604938271604938
0 0.6715277777777777 0.07777777777777778 0.0763888888888889 0.1506172839506173
0 0.6416666666666667 0.1419753086419753 0.05277777777777778 0.11604938271604938
0 0.7138888888888889 0.39012345679012345 0.1361111111111111 0.25679012345679014
