1 0.63125 0.22962962962962963 0.11527777777777778 0.2074074074074074
1 0.38263888888888886 0.02962962962962963 0.03194444444444444 0.05432098765432099
1 0.31527777777777777 0.17530864197530865 0.044444444444444446 0.05432098765432099
1 0.26319444444444445 0.2345679012345679 0.0375 0.05432098765432099
1 0.1840277777777778 0.21358024691358024 0.05694444444444444 0.06666666666666667
1 0.10902777777777778 0.24444444444444444 0.09305555555555556 0.12345679012345678
1 0.20833333333333334 0.9320987654320988 0.1111111111111111 0.13580246913580246
1 0.5736111111111111 0.9407407407407408 0.10277777777777777 0.11851851851851852
1 0.9326388888888889 0.8061728395061728 0.13472222222222222 0.21481481481481482
1 0.9159722222222222 0.5777777777777777 0.16805555555555557 0.25679012345679014
2 0.7465277777777778 0.5728395061728395 0.06805555555555555 0.12839506172839507
2 0.1527777777777778 0.6654320987654321 0.08333333333333333 0.0962962962962963
