1 0.034027777777777775 0.9111111111111111 0.06527777777777778 0.17777777777777778
1 0.26180555555555557 0.4691358024691358 0.0625 0.13333333333333333
1 0.49583333333333335 0.28888888888888886 0.08055555555555556 0.1925925925925926
0 0.8284722222222223 0.35555555555555557 0.17083333333333334 0.11851851851851852
0 0.5736111111111111 0.38395061728395063 0.058333333333333334 0.08148148148148149
0 0.5444444444444444 0.6901234567901234 0.07777777777777778 0.20493827160493827
0 0.36180555555555555 0.9209876543209876 0.12638888888888888 0.1580246913580247
0 0.9597222222222223 0.1765432098765432 0.08055555555555556 0.05185185185185185
0 0.5798611111111112 0.24074074074074073 0.05694444444444444 0.1259259259259259
0 0.14444444444444443 0.6259259259259259 0.08333333333333333 0.05185185185185185
