1 0.5694444444444444 0.837037037037037 0.14722222222222223 0.30617283950617286
1 0.25277777777777777 0.8728395061728395 0.18055555555555555 0.254320987654321
1 0.37569444444444444 0.5012345679012346 0.12916666666666668 0.21728395061728395
1 0.18611111111111112 0.6518518518518519 0.14444444444444443 0.23209876543209876
1 0.059027777777777776 0.6 0.11527777777777778 0.2765432098765432
1 0.025694444444444443 0.2123456790123457 0.04861111111111111 0.18765432098765433
2 0.10833333333333334 0.7703703703703704 0.1638888888888889 0.2617283950617284
2 0.1375 0.30864197530864196 0.1527777777777778 0.21728395061728395
2 0.2826388888888889 0.28888888888888886 0.13472222222222222 0.21728395061728395
2 0.39375 0.37407407407407406 0.10972222222222222 0.16049382716049382
2 0.38333333333333336 0.6777777777777778 0.08055555555555556 0.1654320987654321
2 0.49930555555555556 0.5802469135802469 0.1486111111111111 0.2814814814814815
2 0.41944444444444445 0.8012345679012346 0.12222222222222222 0.19012345679012346
2 0.6583333333333333 0.662962962962963 0.13055555555555556 0.21481481481481482
