3 0.70078125 0.013425925925925926 0.022395833333333334 0.025925925925925925
2 0.79921875 0.046064814814814815 0.03958333333333333 0.04398148148148148
2 0.8606770833333334 0.4324074074074074 0.033854166666666664 0.06111111111111111
2 0.7600260416666667 0.4650462962962963 0.037760416666666664 0.0587962962962963
2 0.8552083333333333 0.5881944444444445 0.043229166666666666 0.06435185185185185
2 0.7278645833333334 0.6064814814814815 0.03697916666666667 0.06759259259259259
2 0.5240885416666666 0.49375 0.026302083333333334 0.04398148148148148
1 0.38984375 0.4039351851851852 0.03177083333333333 0.0587962962962963
2 0.25546875 0.5372685185185185 0.043229166666666666 0.060648148148148145
2 0.1578125 0.4388888888888889 0.044270833333333336 0.03981481481481482
