0 0.6520833333333333 0.6888888888888889 0.07361111111111111 0.05925925925925926
1 0.4576388888888889 0.04197530864197531 0.07361111111111111 0.07901234567901234
2 0.5027777777777778 0.2222222222222222 0.06388888888888888 0.12839506172839507
2 0.4673611111111111 0.2580246913580247 0.0625 0.11604938271604938
0 0.4930555555555556 0.9395061728395062 0.06944444444444445 0.12098765432098765
1 0.7277777777777777 0.4567901234567901 0.041666666666666664 0.05925925925925926
1 0.6222222222222222 0.43950617283950616 0.04722222222222222 0.09382716049382717
1 0.9284722222222223 0.5703703703703704 0.07361111111111111 0.12839506172839507
1 0.7909722222222222 0.7962962962962963 0.08194444444444444 0.15555555555555556
1 0.7729166666666667 0.9432098765432099 0.12638888888888888 0.11358024691358025
1 0.3611111111111111 0.9320987654320988 0.10277777777777777 0.13580246913580246
1 0.22777777777777777 0.3654320987654321 0.14722222222222223 0.2271604938271605
