0 0.4777777777777778 0.5209876543209877 0.030555555555555555 0.07407407407407407
0 0.5125 0.49753086419753084 0.075 0.08148148148148149
0 0.9409722222222222 0.7481481481481481 0.11805555555555555 0.12839506172839507
1 0.09375 0.07407407407407407 0.10416666666666667 0.11851851851851852
1 0.32013888888888886 0.254320987654321 0.08194444444444444 0.15308641975308643
1 0.3458333333333333 0.6172839506172839 0.04722222222222222 0.08395061728395062
2 0.41180555555555554 0.645679012345679 0.05416666666666667 0.07654320987654321
2 0.33819444444444446 0.8962962962962963 0.09027777777777778 0.12839506172839507
2 0.6451388888888889 0.7518518518518519 0.0763888888888889 0.10617283950617284
1 0.7229166666666667 0.7246913580246913 0.07083333333333333 0.12098765432098765
1 0.6555555555555556 0.5098765432098765 0.04722222222222222 0.10123456790123457
1 0.8333333333333334 0.5345679012345679 0.09722222222222222 0.10123456790123457
1 0.6715277777777777 0.3567901234567901 0.04583333333333333 0.07160493827160494
1 0.7145833333333333 0.2802469135802469 0.05416666666666667 0.06666666666666667
