2 0.6590277777777778 0.5098765432098765 0.05694444444444444 0.08148148148148149
1 0.6847222222222222 0.8777777777777778 0.08055555555555556 0.1111111111111111
1 0.7645833333333333 0.8333333333333334 0.08194444444444444 0.1259259259259259
1 0.8472222222222222 0.5839506172839506 0.05 0.10617283950617284
1 0.74375 0.5308641975308642 0.05694444444444444 0.08395061728395062
1 0.6145833333333334 0.40987654320987654 0.07361111111111111 0.09382716049382717
1 0.4361111111111111 0.5246913580246914 0.1 0.16049382716049382
0 0.5034722222222222 0.4271604938271605 0.04861111111111111 0.14320987654320988
0 0.3173611111111111 0.9407407407407408 0.1125 0.07901234567901234
0 0.5333333333333333 0.9234567901234568 0.09444444444444444 0.06419753086419754
