2 0.4486111111111111 0.2975308641975309 0.10555555555555556 0.10617283950617284
3 0.7666666666666667 0.26666666666666666 0.11944444444444445 0.2074074074074074
2 0.9770833333333333 0.5950617283950618 0.04583333333333333 0.12345679012345678
2 0.7659722222222223 0.6222222222222222 0.10138888888888889 0.14320987654320988
1 0.5590277777777778 0.7567901234567901 0.10972222222222222 0.17037037037037037
1 0.4409722222222222 0.7283950617283951 0.12916666666666668 0.21728395061728395
1 0.4152777777777778 0.6185185185185185 0.11388888888888889 0.14074074074074075
1 0.3770833333333333 0.4777777777777778 0.14583333333333334 0.20493827160493827
1 0.3347222222222222 0.26296296296296295 0.11666666666666667 0.17530864197530865
1 0.17916666666666667 0.03580246913580247 0.09166666666666666 0.06666666666666667
1 0.22152777777777777 0.16049382716049382 0.12361111111111112 0.1580246913580247
1 0.044444444444444446 0.24567901234567902 0.08611111111111111 0.18024691358024691
