1 0.18958333333333333 0.1 0.07916666666666666 0.10123456790123457
1 0.17430555555555555 0.22839506172839505 0.03194444444444444 0.06666666666666667
1 0.4125 0.38641975308641974 0.09166666666666666 0.14074074074074075
0 0.1763888888888889 0.4888888888888889 0.07777777777777778 0.1037037037037037
0 0.10208333333333333 0.6395061728395062 0.1125 0.07901234567901234
0 0.14305555555555555 0.7148148148148148 0.08055555555555556 0.11604938271604938
1 0.4125 0.28888888888888886 0.05 0.05432098765432099
1 0.8152777777777778 0.3802469135802469 0.09722222222222222 0.15308641975308643
1 0.5138888888888888 0.13950617283950617 0.09722222222222222 0.145679012345679
2 0.06736111111111111 0.9728395061728395 0.04861111111111111 0.04938271604938271
