0 0.2923611111111111 0.13209876543209875 0.05138888888888889 0.08148148148148149
1 0.21805555555555556 0.09382716049382717 0.06388888888888888 0.09876543209876543
1 0.5326388888888889 0.519753086419753 0.02638888888888889 0.04691358024691358
1 0.4486111111111111 0.36790123456790125 0.041666666666666664 0.0691358024691358
1 0.8541666666666666 0.3654320987654321 0.05 0.05432098765432099
2 0.8659722222222223 0.47530864197530864 0.06527777777777778 0.08641975308641975
2 0.8375 0.38395061728395063 0.05555555555555555 0.056790123456790124
2 0.8854166666666666 0.9 0.12361111111111112 0.19012345679012346
0 0.6347222222222222 0.6925925925925925 0.07777777777777778 0.09135802469135802
2 0.7777777777777778 0.9592592592592593 0.08888888888888889 0.08148148148148149
2 0.5895833333333333 0.9481481481481482 0.09027777777777778 0.1037037037037037
2 0.2625 0.44938271604938274 0.044444444444444446 0.08395061728395062
1 0.2798611111111111 0.2938271604938272 0.05416666666666667 0.08395061728395062
