2 0.13819444444444445 0.9345679012345679 0.06527777777777778 0.10123456790123457
1 0.2826388888888889 0.46296296296296297 0.04583333333333333 0.06666666666666667
2 0.3326388888888889 0.7086419753086419 0.0375 0.05925925925925926
2 0.46805555555555556 0.6135802469135803 0.05 0.0962962962962963
0 0.5527777777777778 0.6506172839506172 0.08055555555555556 0.1259259259259259
0 0.5381944444444444 0.582716049382716 0.05138888888888889 0.05432098765432099
2 0.9340277777777778 0.508641975308642 0.08194444444444444 0.08888888888888889
2 0.9069444444444444 0.019753086419753086 0.05277777777777778 0.0345679012345679
2 0.6409722222222223 0.11481481481481481 0.029166666666666667 0.05185185185185185
1 0.32013888888888886 0.4160493827160494 0.04861111111111111 0.07160493827160494
1 0.41041666666666665 0.3888888888888889 0.059722222222222225 0.09135802469135802
1 0.5041666666666667 0.3814814814814815 0.04722222222222222 0.09135802469135802
1 0.40069444444444446 0.3148148148148148 0.02638888888888889 0.03209876543209877
2 0.4201388888888889 0.9629629629629629 0.04583333333333333 0.07407407407407407
