1 0.09444444444444444 0.3395061728395062 0.11388888888888889 0.17037037037037037
1 0.33611111111111114 0.8197530864197531 0.1361111111111111 0.3012345679012346
1 0.4479166666666667 0.6604938271604939 0.09861111111111111 0.2
1 0.40694444444444444 0.4728395061728395 0.14722222222222223 0.22962962962962963
1 0.35138888888888886 0.27901234567901234 0.075 0.10864197530864197
1 0.41805555555555557 0.1962962962962963 0.09166666666666666 0.145679012345679
1 0.4375 0.30864197530864196 0.08055555555555556 0.13333333333333333
1 0.5173611111111112 0.40370370370370373 0.09861111111111111 0.16049382716049382
1 0.5069444444444444 0.29876543209876544 0.07222222222222222 0.11851851851851852
1 0.5020833333333333 0.19506172839506172 0.06527777777777778 0.08395061728395062
1 0.5805555555555556 0.3197530864197531 0.06944444444444445 0.1111111111111111
1 0.6402777777777777 0.35555555555555557 0.05 0.08395061728395062
1 0.6395833333333333 0.41358024691358025 0.07083333333333333 0.10123456790123457
1 0.6395833333333333 0.5148148148148148 0.06527777777777778 0.1308641975308642
1 0.6854166666666667 0.5037037037037037 0.05416666666666667 0.09876543209876543
1 0.7263888888888889 0.49382716049382713 0.044444444444444446 0.08395061728395062
1 0.6069444444444444 0.6444444444444445 0.1111111111111111 0.2123456790123457
1 0.6423611111111112 0.9160493827160494 0.09583333333333334 0.16790123456790124
1 0.5486111111111112 0.9629629629629629 0.09444444444444444 0.07407407407407407
1 0.7597222222222222 0.9814814814814815 0.075 0.037037037037037035
1 0.7534722222222222 0.8333333333333334 0.09861111111111111 0.21481481481481482
2 0.13402777777777777 0.4679012345679012 0.10972222222222222 0.16049382716049382
2 0.2 0.7802469135802469 0.15555555555555556 0.3111111111111111
