2 0.1111111111111111 0.2962962962962963 0.041666666666666664 0.04938271604938271
2 0.39861111111111114 0.36790123456790125 0.03611111111111111 0.04938271604938271
2 0.20972222222222223 0.47901234567901235 0.058333333333333334 0.0691358024691358
2 0.07708333333333334 0.4283950617283951 0.04583333333333333 0.05185185185185185
2 0.08958333333333333 0.9530864197530864 0.10972222222222222 0.07901234567901234
1 0.035416666666666666 0.9061728395061729 0.06805555555555555 0.10864197530864197
1 0.3902777777777778 0.9123456790123456 0.06666666666666667 0.11604938271604938
1 0.8097222222222222 0.8012345679012346 0.06388888888888888 0.145679012345679
1 0.6652777777777777 0.6469135802469136 0.05277777777777778 0.08395061728395062
1 0.2722222222222222 0.4802469135802469 0.05 0.08148148148148149
