1 0.4048611111111111 0.5456790123456791 0.07916666666666666 0.1382716049382716
1 0.35347222222222224 0.6209876543209877 0.0625 0.14074074074074075
1 0.30069444444444443 0.5580246913580247 0.0763888888888889 0.14320987654320988
1 0.2569444444444444 0.45308641975308644 0.06666666666666667 0.1259259259259259
1 0.38333333333333336 0.4469135802469136 0.06388888888888888 0.11851851851851852
1 0.3416666666666667 0.24444444444444444 0.06111111111111111 0.09876543209876543
1 0.23819444444444443 0.3333333333333333 0.05416666666666667 0.11851851851851852
1 0.3597222222222222 0.30987654320987656 0.05277777777777778 0.07160493827160494
1 0.30277777777777776 0.26666666666666666 0.05 0.11851851851851852
1 0.2375 0.22469135802469137 0.05 0.11851851851851852
1 0.2826388888888889 0.2037037037037037 0.04583333333333333 0.07654320987654321
1 0.49236111111111114 0.6370370370370371 0.06805555555555555 0.1382716049382716
1 0.5979166666666667 0.519753086419753 0.0625 0.12098765432098765
1 0.6611111111111111 0.47901234567901235 0.06111111111111111 0.11851851851851852
1 0.6159722222222223 0.1925925925925926 0.059722222222222225 0.09876543209876543
1 0.17083333333333334 0.8580246913580247 0.11666666666666667 0.17530864197530865
1 0.81875 0.9493827160493827 0.09861111111111111 0.10123456790123457
2 0.4083333333333333 0.8567901234567902 0.10555555555555556 0.17777777777777778
