2 0.34097222222222223 0.9555555555555556 0.1125 0.08888888888888889
1 0.4048611111111111 0.8382716049382716 0.09583333333333334 0.19012345679012346
1 0.44166666666666665 0.5876543209876544 0.06111111111111111 0.13333333333333333
1 0.3902777777777778 0.3395061728395062 0.041666666666666664 0.07654320987654321
1 0.34930555555555554 0.2765432098765432 0.05138888888888889 0.07407407407407407
1 0.2861111111111111 0.25308641975308643 0.058333333333333334 0.0962962962962963
1 0.22083333333333333 0.1765432098765432 0.058333333333333334 0.07160493827160494
1 0.13680555555555557 0.1506172839506173 0.0625 0.09876543209876543
1 0.03958333333333333 0.1037037037037037 0.06527777777777778 0.09382716049382717
1 0.15902777777777777 0.9493827160493827 0.13472222222222222 0.10123456790123457
