1 0.6326388888888889 0.45925925925925926 0.09027777777777778 0.11851851851851852
1 0.5625 0.6197530864197531 0.07222222222222222 0.11358024691358025
1 0.46319444444444446 0.971604938271605 0.10138888888888889 0.056790123456790124
1 0.30833333333333335 0.9407407407407408 0.1638888888888889 0.11851851851851852
1 0.26180555555555557 0.674074074074074 0.10972222222222222 0.12839506172839507
1 0.325 0.5049382716049383 0.11388888888888889 0.1308641975308642
1 0.375 0.4308641975308642 0.05555555555555555 0.07654320987654321
1 0.06388888888888888 0.3148148148148148 0.06111111111111111 0.1111111111111111
1 0.1527777777777778 0.15308641975308643 0.05277777777777778 0.06419753086419754
1 0.2076388888888889 0.44814814814814813 0.06527777777777778 0.06666666666666667
1 0.049305555555555554 0.5308641975308642 0.09583333333333334 0.09876543209876543
2 0.7298611111111111 0.837037037037037 0.10694444444444444 0.14320987654320988
2 0.9090277777777778 0.6419753086419753 0.1125 0.14320987654320988
2 0.7569444444444444 0.6074074074074074 0.07777777777777778 0.09876543209876543
2 0.6243055555555556 0.6308641975308642 0.0625 0.09135802469135802
0 0.8763888888888889 0.7283950617283951 0.1111111111111111 0.16790123456790124
0 0.6979166666666666 0.7728395061728395 0.08472222222222223 0.08888888888888889
0 0.7305555555555555 0.5938271604938271 0.06944444444444445 0.1259259259259259
0 0.64375 0.6888888888888889 0.06805555555555555 0.14814814814814814
0 0.7013888888888888 0.4839506172839506 0.041666666666666664 0.08395061728395062
0 0.7388888888888889 0.4024691358024691 0.03333333333333333 0.06419753086419754
0 0.2590277777777778 0.4 0.07083333333333333 0.05432098765432099
0 0.1361111111111111 0.654320987654321 0.11666666666666667 0.09382716049382717
0 0.1527777777777778 0.49135802469135803 0.07222222222222222 0.05925925925925926
