0 0.9381944444444444 0.3567901234567901 0.12361111111111112 0.25925925925925924
1 0.20833333333333334 0.1469135802469136 0.14722222222222223 0.20987654320987653
1 0.225 0.562962962962963 0.15 0.18271604938271604
0 0.3972222222222222 0.5419753086419753 0.11944444444444445 0.12098765432098765
0 0.3923611111111111 0.38765432098765434 0.11805555555555555 0.1382716049382716
0 0.5180555555555556 0.6753086419753086 0.07222222222222222 0.18024691358024691
1 0.34652777777777777 0.7209876543209877 0.12361111111111112 0.15308641975308643
1 0.7034722222222223 0.7703703703703704 0.12916666666666668 0.21728395061728395
1 0.36041666666666666 0.9654320987654321 0.11527777777777778 0.0691358024691358
1 0.6590277777777778 0.9259259259259259 0.11805555555555555 0.14814814814814814
1 0.5986111111111111 0.6925925925925925 0.11388888888888889 0.19506172839506172
