1 0.2534722222222222 0.4160493827160494 0.14305555555555555 0.2691358024691358
1 0.30833333333333335 0.21728395061728395 0.12777777777777777 0.23209876543209876
1 0.20972222222222223 0.10123456790123457 0.16666666666666666 0.19753086419753085
1 0.36875 0.03580246913580247 0.10416666666666667 0.06666666666666667
1 0.45625 0.03580246913580247 0.0875 0.06666666666666667
1 0.45 0.13209876543209875 0.1111111111111111 0.19506172839506172
1 0.5486111111111112 0.1506172839506173 0.11666666666666667 0.2123456790123457
1 0.66875 0.2222222222222222 0.10694444444444444 0.20246913580246914
1 0.4388888888888889 0.582716049382716 0.175 0.345679012345679
1 0.6618055555555555 0.5876543209876544 0.14027777777777778 0.2814814814814815
1 0.8027777777777778 0.7901234567901234 0.15833333333333333 0.2962962962962963
1 0.9541666666666667 0.5308641975308642 0.09166666666666666 0.2617283950617284
0 0.35694444444444445 0.11358024691358025 0.075 0.10864197530864197
2 0.5527777777777778 0.39753086419753086 0.10833333333333334 0.1728395061728395
2 0.75625 0.4839506172839506 0.14583333333333334 0.24691358024691357
2 0.8243055555555555 0.4049382716049383 0.10138888888888889 0.13333333333333333
2 0.9243055555555556 0.1814814814814815 0.0875 0.10617283950617284
2 0.7354166666666667 0.17530864197530865 0.08472222222222223 0.15308641975308643
0 0.5381944444444444 0.27283950617283953 0.09861111111111111 0.14074074074074075
0 0.6395833333333333 0.3296296296296296 0.15694444444444444 0.1308641975308642
0 0.6048611111111111 0.8111111111111111 0.2125 0.20493827160493827
