2 0.5774739583333334 0.6881944444444444 0.030989583333333334 0.05416666666666667
2 0.5606770833333333 0.9143518518518519 0.030729166666666665 0.05925925925925926
0 0.5020833333333333 0.38333333333333336 0.028125 0.07592592592592592
0 0.24166666666666667 0.9465277777777777 0.07395833333333333 0.07731481481481481
2 0.3 0.8849537037037037 0.04479166666666667 0.08657407407407407
2 0.30911458333333336 0.5275462962962963 0.0328125 0.0375
2 0.27838541666666666 0.5331018518518519 0.03125 0.04861111111111111
2 0.163671875 0.3678240740740741 0.03619791666666667 0.059722222222222225
2 0.057421875 0.3685185185185185 0.04973958333333333 0.08518518518518518
2 0.027473958333333333 0.4511574074074074 0.04348958333333333 0.06342592592592593
