1 0.04583333333333333 0.9395061728395062 0.08888888888888889 0.12098765432098765
0 0.7229166666666667 0.7555555555555555 0.09583333333333334 0.23703703703703705
2 0.5347222222222222 0.22469135802469137 0.08611111111111111 0.11358024691358025
2 0.8111111111111111 0.11975308641975309 0.11666666666666667 0.1111111111111111
2 0.8180555555555555 0.2740740740740741 0.08611111111111111 0.1037037037037037
2 0.7201388888888889 0.5407407407407407 0.13472222222222222 0.15308641975308643
3 0.8243055555555555 0.674074074074074 0.12916666666666668 0.19753086419753085
1 0.5652777777777778 0.8160493827160494 0.09444444444444444 0.1506172839506173
1 0.24791666666666667 0.7271604938271605 0.12916666666666668 0.2
1 0.14444444444444443 0.9469135802469136 0.15 0.10617283950617284
1 0.1111111111111111 0.7851851851851852 0.15833333333333333 0.2074074074074074
1 0.08333333333333333 0.6679012345679012 0.12222222222222222 0.17037037037037037
1 0.07777777777777778 0.5864197530864198 0.11666666666666667 0.16049382716049382
1 0.12638888888888888 0.4962962962962963 0.1111111111111111 0.1728395061728395
1 0.15625 0.3 0.09583333333333334 0.11604938271604938
1 0.32430555555555557 0.22839506172839505 0.08194444444444444 0.0962962962962963
1 0.2902777777777778 0.3358024691358025 0.08333333333333333 0.11358024691358025
1 0.38263888888888886 0.12469135802469136 0.06805555555555555 0.10617283950617284
1 0.4131944444444444 0.2679012345679012 0.08194444444444444 0.12098765432098765
1 0.3625 0.38395061728395063 0.08611111111111111 0.16049382716049382
1 0.07152777777777777 0.4160493827160494 0.09027777777777778 0.1259259259259259
1 0.26458333333333334 0.15679012345679014 0.05416666666666667 0.09135802469135802
1 0.22569444444444445 0.5074074074074074 0.07916666666666666 0.12098765432098765
