2 0.7096354166666666 0.5356481481481481 0.015625 0.03796296296296296
1 0.7959635416666667 0.14560185185185184 0.03463541666666667 0.07824074074074074
1 0.840234375 0.29097222222222224 0.053385416666666664 0.08564814814814815
1 0.6834635416666667 0.4775462962962963 0.02265625 0.04490740740740741
2 0.88515625 0.4706018518518518 0.049479166666666664 0.0912037037037037
2 0.7946614583333333 0.6921296296296297 0.05182291666666667 0.05740740740740741
2 0.73828125 0.6180555555555556 0.04479166666666667 0.06481481481481481
0 0.694921875 0.9861111111111112 0.03411458333333333 0.027777777777777776
1 0.705078125 0.7729166666666667 0.032552083333333336 0.06157407407407407
1 0.7053385416666667 0.9076388888888889 0.03307291666666667 0.06527777777777778
1 0.65546875 0.8719907407407408 0.029166666666666667 0.07361111111111111
1 0.6651041666666667 0.9560185185185185 0.03125 0.06296296296296296
3 0.4923177083333333 0.7472222222222222 0.026822916666666665 0.037037037037037035
2 0.537109375 0.7252314814814815 0.03307291666666667 0.04490740740740741
1 0.3268229166666667 0.8208333333333333 0.043229166666666666 0.06944444444444445
1 0.363671875 0.9087962962962963 0.04765625 0.09351851851851851
1 0.3397135416666667 0.9851851851851852 0.038802083333333334 0.02962962962962963
1 0.284375 0.9587962962962963 0.04895833333333333 0.0824074074074074
2 0.023567708333333333 0.7305555555555555 0.04192708333333333 0.09722222222222222
1 0.28203125 0.305787037037037 0.046875 0.07546296296296297
1 0.05169270833333333 0.5462962962962963 0.04453125 0.07037037037037037
