2 0.2652777777777778 0.8296296296296296 0.1361111111111111 0.2518518518518518
1 0.49166666666666664 0.6123456790123457 0.10277777777777777 0.2074074074074074
1 0.32569444444444445 0.6037037037037037 0.11805555555555555 0.19506172839506172
1 0.32013888888888886 0.45185185185185184 0.10694444444444444 0.16790123456790124
1 0.4284722222222222 0.4419753086419753 0.09583333333333334 0.14320987654320988
1 0.4340277777777778 0.34074074074074073 0.0875 0.12839506172839507
1 0.38333333333333336 0.2777777777777778 0.06944444444444445 0.1111111111111111
1 0.3506944444444444 0.37160493827160496 0.09861111111111111 0.11604938271604938
1 0.45694444444444443 0.23580246913580247 0.08333333333333333 0.11604938271604938
1 0.5430555555555555 0.3358024691358025 0.1111111111111111 0.1925925925925926
1 0.6180555555555556 0.24938271604938272 0.08888888888888889 0.1728395061728395
1 0.6347222222222222 0.41975308641975306 0.09444444444444444 0.18765432098765433
1 0.6166666666666667 0.7641975308641975 0.11944444444444445 0.20987654320987653
1 0.7506944444444444 0.737037037037037 0.14027777777777778 0.2345679012345679
1 0.7083333333333334 0.5432098765432098 0.15 0.19753086419753085
1 0.7569444444444444 0.3790123456790123 0.14444444444444443 0.23950617283950618
1 0.8694444444444445 0.5 0.15555555555555556 0.254320987654321
1 0.5819444444444445 0.9580246913580247 0.12222222222222222 0.08395061728395062
1 0.7784722222222222 0.945679012345679 0.14305555555555555 0.10864197530864197
1 0.8222222222222222 0.8641975308641975 0.10555555555555556 0.18271604938271604
1 0.9465277777777777 0.8703703703703703 0.10694444444444444 0.25925925925925924
1 0.3263888888888889 0.254320987654321 0.06388888888888888 0.08888888888888889
1 0.3638888888888889 0.19382716049382717 0.06944444444444445 0.09135802469135802
1 0.06180555555555556 0.9234567901234568 0.12083333333333333 0.15308641975308643
1 0.43819444444444444 0.1037037037037037 0.0625 0.1037037037037037
1 0.19791666666666666 0.44814814814814813 0.10694444444444444 0.1259259259259259
1 0.24166666666666667 0.37407407407407406 0.07222222222222222 0.09135802469135802
