0 0.9270833333333334 0.7962962962962963 0.14583333333333334 0.18518518518518517
2 0.5416666666666666 0.6901234567901234 0.07222222222222222 0.10617283950617284
2 0.8847222222222222 0.09753086419753086 0.09166666666666666 0.14074074074074075
2 0.7652777777777777 0.44938271604938274 0.11388888888888889 0.1580246913580247
2 0.6666666666666666 0.2580246913580247 0.08888888888888889 0.13580246913580246
2 0.5770833333333333 0.1580246913580247 0.04583333333333333 0.07407407407407407
2 0.4340277777777778 0.2271604938271605 0.043055555555555555 0.07901234567901234
1 0.7472222222222222 0.2580246913580247 0.09444444444444444 0.18518518518518517
1 0.4791666666666667 0.4740740740740741 0.07777777777777778 0.11851851851851852
1 0.6597222222222222 0.40617283950617283 0.08888888888888889 0.17530864197530865
1 0.36875 0.35802469135802467 0.09027777777777778 0.1580246913580247
1 0.2916666666666667 0.828395061728395 0.08055555555555556 0.14074074074074075
