1 0.7597222222222222 0.5111111111111111 0.06111111111111111 0.09382716049382717
1 0.7138888888888889 0.4271604938271605 0.06388888888888888 0.1037037037037037
1 0.7263888888888889 0.36419753086419754 0.03888888888888889 0.056790123456790124
1 0.7375 0.32469135802469135 0.044444444444444446 0.06666666666666667
1 0.6083333333333333 0.09012345679012346 0.030555555555555555 0.07160493827160494
1 0.5020833333333333 0.09259259259259259 0.04583333333333333 0.07160493827160494
1 0.4375 0.07407407407407407 0.044444444444444446 0.07407407407407407
1 0.26666666666666666 0.043209876543209874 0.04722222222222222 0.07160493827160494
1 0.3819444444444444 0.3395061728395062 0.05555555555555555 0.09135802469135802
1 0.8416666666666667 0.9493827160493827 0.11388888888888889 0.10123456790123457
1 0.6229166666666667 0.7580246913580246 0.05138888888888889 0.09876543209876543
1 0.5243055555555556 0.7234567901234568 0.06805555555555555 0.11358024691358025
1 0.2423611111111111 0.9592592592592593 0.0875 0.08148148148148149
1 0.27708333333333335 0.674074074074074 0.06805555555555555 0.09876543209876543
1 0.17222222222222222 0.6839506172839506 0.10277777777777777 0.13333333333333333
1 0.02847222222222222 0.3296296296296296 0.05416666666666667 0.08641975308641975
2 0.16458333333333333 0.15308641975308643 0.06805555555555555 0.09382716049382717
