2 0.978515625 0.513425925925926 0.04192708333333333 0.08888888888888889
2 0.714453125 0.30694444444444446 0.06588541666666667 0.06111111111111111
2 0.5713541666666667 0.22592592592592592 0.04375 0.026851851851851852
2 0.6109375 0.9655092592592592 0.14635416666666667 0.06898148148148148
1 0.37799479166666666 0.8675925925925926 0.05546875 0.13240740740740742
1 0.359375 0.7041666666666667 0.08072916666666667 0.10648148148148148
2 0.4236979166666667 0.2675925925925926 0.03697916666666667 0.037037037037037035
2 0.3380208333333333 0.23287037037037037 0.033854166666666664 0.037037037037037035
2 0.325 0.1960648148148148 0.028125 0.03009259259259259
2 0.2579427083333333 0.20833333333333334 0.029427083333333333 0.03888888888888889
2 0.169921875 0.15787037037037038 0.029947916666666668 0.041666666666666664
