1 0.20972222222222223 0.4765432098765432 0.03333333333333333 0.05925925925925926
1 0.06597222222222222 0.6 0.07916666666666666 0.09382716049382717
1 0.25 0.8358024691358025 0.075 0.13580246913580246
1 0.5638888888888889 0.7012345679012346 0.05555555555555555 0.1037037037037037
1 0.8159722222222222 0.7617283950617284 0.07083333333333333 0.1259259259259259
1 0.2965277777777778 0.42098765432098767 0.04583333333333333 0.09135802469135802
1 0.5972222222222222 0.38641975308641974 0.044444444444444446 0.08148148148148149
2 0.05763888888888889 0.9481481481481482 0.1125 0.1037037037037037
2 0.5423611111111111 0.9617283950617284 0.08194444444444444 0.07654320987654321
2 0.9395833333333333 0.9333333333333333 0.043055555555555555 0.09382716049382717
1 0.2590277777777778 0.7469135802469136 0.04583333333333333 0.08148148148148149
