1 0.4666666666666667 0.9654320987654321 0.10833333333333334 0.0691358024691358
1 0.6479166666666667 0.3592592592592593 0.09583333333333334 0.16049382716049382
1 0.7493055555555556 0.39012345679012345 0.14583333333333334 0.2419753086419753
1 0.8631944444444445 0.562962962962963 0.15138888888888888 0.21728395061728395
1 0.5548611111111111 0.6654320987654321 0.12083333333333333 0.2
1 0.49027777777777776 0.48518518518518516 0.08888888888888889 0.1654320987654321
1 0.5680555555555555 0.1765432098765432 0.1111111111111111 0.17530864197530865
1 0.3625 0.31851851851851853 0.1361111111111111 0.1728395061728395
1 0.16458333333333333 0.5469135802469136 0.19305555555555556 0.22469135802469137
1 0.2520833333333333 0.8407407407407408 0.1625 0.254320987654321
