1 0.8965277777777778 0.27901234567901234 0.20694444444444443 0.5382716049382716
1 0.7798611111111111 0.519753086419753 0.11805555555555555 0.23950617283950618
2 0.46458333333333335 0.8358024691358025 0.12638888888888888 0.17530864197530865
2 0.5833333333333334 0.8827160493827161 0.13333333333333333 0.19506172839506172
2 0.5979166666666667 0.6938271604938272 0.10416666666666667 0.1382716049382716
2 0.9305555555555556 0.8814814814814815 0.1388888888888889 0.23703703703703705
2 0.7861111111111111 0.8925925925925926 0.11666666666666667 0.21481481481481482
2 0.7916666666666666 0.7037037037037037 0.15 0.26666666666666666
2 0.6930555555555555 0.4604938271604938 0.08055555555555556 0.10617283950617284
2 0.5597222222222222 0.4271604938271605 0.1 0.11851851851851852
2 0.44375 0.48271604938271606 0.11805555555555555 0.19012345679012346
