2 0.42986111111111114 0.6790123456790124 0.0625 0.1037037037037037
1 0.6388888888888888 0.42098765432098767 0.08611111111111111 0.17037037037037037
1 0.7527777777777778 0.49753086419753084 0.11944444444444445 0.17037037037037037
1 0.9229166666666667 0.6 0.15416666666666667 0.23703703703703705
1 0.7652777777777777 0.17901234567901234 0.12222222222222222 0.20493827160493827
1 0.7229166666666667 0.02962962962962963 0.0625 0.05432098765432099
1 0.4840277777777778 0.4012345679012346 0.05416666666666667 0.0962962962962963
1 0.45625 0.9296296296296296 0.04583333333333333 0.0962962962962963
1 0.4576388888888889 0.7555555555555555 0.034722222222222224 0.07407407407407407
1 0.425 0.8111111111111111 0.044444444444444446 0.08148148148148149
1 0.4083333333333333 0.9049382716049382 0.03333333333333333 0.08148148148148149
2 0.5513888888888889 0.5567901234567901 0.041666666666666664 0.10617283950617284
2 0.6208333333333333 0.24567901234567902 0.06944444444444445 0.1506172839506173
