0 0.475 0.8728395061728395 0.07777777777777778 0.09135802469135802
0 0.3333333333333333 0.8753086419753087 0.06944444444444445 0.19506172839506172
0 0.3784722222222222 0.7 0.08472222222222223 0.14074074074074075
1 0.4048611111111111 0.2851851851851852 0.059722222222222225 0.11604938271604938
1 0.3625 0.3987654320987654 0.058333333333333334 0.11604938271604938
1 0.27291666666666664 0.1962962962962963 0.0763888888888889 0.14074074074074075
1 0.5069444444444444 0.6679012345679012 0.09722222222222222 0.1654320987654321
1 0.28958333333333336 0.9753086419753086 0.1125 0.04938271604938271
2 0.44166666666666665 0.9530864197530864 0.10277777777777777 0.09382716049382717
3 0.19236111111111112 0.7679012345679013 0.12083333333333333 0.1925925925925926
0 0.38472222222222224 0.5925925925925926 0.06111111111111111 0.13333333333333333
