2 0.6027777777777777 0.9382716049382716 0.08888888888888889 0.12345679012345678
2 0.5027777777777778 0.1111111111111111 0.08333333333333333 0.10864197530864197
1 0.38819444444444445 0.11234567901234568 0.07083333333333333 0.1259259259259259
0 0.3680555555555556 0.18271604938271604 0.075 0.1037037037037037
0 0.6215277777777778 0.09506172839506173 0.1125 0.16049382716049382
1 0.6395833333333333 0.3469135802469136 0.09027777777777778 0.11604938271604938
0 0.7979166666666667 0.6901234567901234 0.15416666666666667 0.18518518518518517
1 0.7013888888888888 0.9604938271604938 0.12777777777777777 0.07901234567901234
1 0.54375 0.6962962962962963 0.09583333333333334 0.1925925925925926
1 0.0875 0.6320987654320988 0.14444444444444443 0.13333333333333333
2 0.29375 0.2234567901234568 0.09583333333333334 0.11604938271604938
2 0.33541666666666664 0.3790123456790123 0.09027777777777778 0.11604938271604938
2 0.14027777777777778 0.07901234567901234 0.07222222222222222 0.08395061728395062
0 0.03958333333333333 0.3358024691358025 0.0763888888888889 0.14814814814814814
