2 0.6072916666666667 0.38125 0.0234375 0.04027777777777778
2 0.9345052083333333 0.15648148148148147 0.02734375 0.04537037037037037
0 0.8020833333333334 0.9152777777777777 0.025520833333333333 0.08703703703703704
0 0.9264322916666666 0.969212962962963 0.03463541666666667 0.06157407407407407
2 0.53125 0.4979166666666667 0.0265625 0.050462962962962966
2 0.5162760416666666 0.44560185185185186 0.03515625 0.0625
0 0.359765625 0.6622685185185185 0.029947916666666668 0.03657407407407407
2 0.5052083333333334 0.9152777777777777 0.0234375 0.046296296296296294
2 0.4765625 0.8483796296296297 0.030729166666666665 0.05324074074074074
1 0.48776041666666664 0.6361111111111111 0.021875 0.041666666666666664
1 0.26328125 0.9145833333333333 0.025520833333333333 0.031018518518518518
1 0.3880208333333333 0.41944444444444445 0.026041666666666668 0.04537037037037037
