2 0.5756944444444444 0.9234567901234568 0.09027777777777778 0.15308641975308643
1 0.4847222222222222 0.34814814814814815 0.044444444444444446 0.07407407407407407
1 0.40069444444444446 0.6172839506172839 0.04027777777777778 0.0691358024691358
2 0.9458333333333333 0.7777777777777778 0.10833333333333334 0.18765432098765433
2 0.8444444444444444 0.5308641975308642 0.08611111111111111 0.12839506172839507
2 0.8277777777777777 0.7814814814814814 0.10277777777777777 0.1654320987654321
1 0.4326388888888889 0.6172839506172839 0.034722222222222224 0.07901234567901234
1 0.44722222222222224 0.5592592592592592 0.027777777777777776 0.06172839506172839
1 0.45 0.8839506172839506 0.058333333333333334 0.10864197530864197
1 0.49236111111111114 0.8802469135802469 0.05416666666666667 0.1259259259259259
1 0.5097222222222222 0.6358024691358025 0.04722222222222222 0.08641975308641975
1 0.6201388888888889 0.674074074074074 0.06527777777777778 0.10864197530864197
1 0.5472222222222223 0.3962962962962963 0.044444444444444446 0.07654320987654321
1 0.5680555555555555 0.3037037037037037 0.044444444444444446 0.0691358024691358
1 0.6993055555555555 0.2962962962962963 0.059722222222222225 0.12839506172839507
1 0.9138888888888889 0.38765432098765434 0.13055555555555556 0.19753086419753085
1 0.6777777777777778 0.7777777777777778 0.06944444444444445 0.11851851851851852
