1 0.41458333333333336 0.05432098765432099 0.10416666666666667 0.1037037037037037
1 0.5222222222222223 0.0728395061728395 0.1111111111111111 0.14074074074074075
0 0.21180555555555555 0.7469135802469136 0.05416666666666667 0.16049382716049382
2 0.6131944444444445 0.20493827160493827 0.09861111111111111 0.16296296296296298
2 0.6958333333333333 0.33209876543209876 0.06111111111111111 0.10123456790123457
0 0.4125 0.21975308641975308 0.05 0.2123456790123457
0 0.4895833333333333 0.42345679012345677 0.0875 0.15555555555555556
0 0.5368055555555555 0.6185185185185185 0.11527777777777778 0.17530864197530865
0 0.5715277777777777 0.5209876543209877 0.09305555555555556 0.07901234567901234
0 0.1375 0.5851851851851851 0.08055555555555556 0.1037037037037037
2 0.36875 0.8296296296296296 0.0875 0.16296296296296298
