2 0.8791666666666667 0.36049382716049383 0.05277777777777778 0.07901234567901234
1 0.7111111111111111 0.36666666666666664 0.05277777777777778 0.07654320987654321
1 0.6430555555555556 0.4925925925925926 0.044444444444444446 0.07160493827160494
1 0.5770833333333333 0.5160493827160494 0.04027777777777778 0.04938271604938271
1 0.90625 0.6049382716049383 0.059722222222222225 0.08395061728395062
1 0.7354166666666667 0.6666666666666666 0.05138888888888889 0.07901234567901234
1 0.5090277777777777 0.6666666666666666 0.0375 0.06419753086419754
1 0.5368055555555555 0.45185185185185184 0.034722222222222224 0.05432098765432099
1 0.32430555555555557 0.8814814814814815 0.034722222222222224 0.05432098765432099
1 0.12708333333333333 0.5938271604938271 0.04027777777777778 0.06666666666666667
