1 0.33567708333333335 0.9766203703703704 0.034375 0.04675925925925926
2 0.6333333333333333 0.03680555555555556 0.0328125 0.0699074074074074
1 0.6204427083333334 0.7347222222222223 0.045572916666666664 0.06944444444444445
1 0.39036458333333335 0.41435185185185186 0.0375 0.06388888888888888
2 0.4180989583333333 0.8784722222222222 0.04973958333333333 0.09675925925925925
2 0.20091145833333332 0.8476851851851852 0.03671875 0.07592592592592592
2 0.22578125 0.9592592592592593 0.04010416666666667 0.0787037037037037
2 0.308984375 0.3421296296296296 0.039322916666666666 0.04814814814814815
1 0.24479166666666666 0.5511574074074074 0.040625 0.0625
1 0.5307291666666667 0.7305555555555555 0.04479166666666667 0.07222222222222222
