1 0.03333333333333333 0.42345679012345677 0.05555555555555555 0.07160493827160494
2 0.7479166666666667 0.4666666666666667 0.12083333333333333 0.1580246913580247
1 0.5993055555555555 0.09506172839506173 0.06527777777777778 0.08148148148148149
1 0.1423611111111111 0.09259259259259259 0.03194444444444444 0.04691358024691358
1 0.23680555555555555 0.09506172839506173 0.034722222222222224 0.04197530864197531
1 0.3875 0.24444444444444444 0.03333333333333333 0.044444444444444446
1 0.35833333333333334 0.2691358024691358 0.044444444444444446 0.07901234567901234
1 0.2743055555555556 0.5666666666666667 0.0625 0.11604938271604938
1 0.04861111111111111 0.5938271604938271 0.058333333333333334 0.09135802469135802
1 0.9409722222222222 0.07037037037037037 0.11805555555555555 0.13580246913580246
1 0.19236111111111112 0.9469135802469136 0.0625 0.10617283950617284
