2 0.6534722222222222 0.2765432098765432 0.10416666666666667 0.19753086419753085
2 0.7104166666666667 0.08395061728395062 0.10694444444444444 0.1382716049382716
1 0.66875 0.04567901234567901 0.10138888888888889 0.08641975308641975
1 0.5694444444444444 0.040740740740740744 0.09166666666666666 0.07654320987654321
1 0.9416666666666667 0.0728395061728395 0.11666666666666667 0.14074074074074075
1 0.8 0.7345679012345679 0.16111111111111112 0.2938271604938272
1 0.7027777777777777 0.562962962962963 0.14444444444444443 0.2222222222222222
1 0.6083333333333333 0.7851851851851852 0.13055555555555556 0.23209876543209876
1 0.5881944444444445 0.945679012345679 0.15694444444444444 0.10864197530864197
1 0.3611111111111111 0.5135802469135803 0.075 0.21728395061728395
1 0.025694444444444443 0.5444444444444444 0.04861111111111111 0.145679012345679
1 0.1673611111111111 0.7333333333333333 0.18472222222222223 0.26666666666666666
1 0.3736111111111111 0.22962962962962963 0.08888888888888889 0.19753086419753085
