2 0.5708333333333333 0.7796296296296297 0.029166666666666667 0.037037037037037035
1 0.47825520833333335 0.40902777777777777 0.031510416666666666 0.04490740740740741
1 0.8649739583333333 0.22662037037037036 0.03411458333333333 0.06157407407407407
1 0.9123697916666667 0.3587962962962963 0.047135416666666666 0.07685185185185185
2 0.968359375 0.5268518518518519 0.045572916666666664 0.08703703703703704
1 0.7760416666666666 0.8326388888888889 0.03333333333333333 0.056018518518518516
1 0.7798177083333333 0.9652777777777778 0.02890625 0.06666666666666667
1 0.7236979166666667 0.9212962962962963 0.030208333333333334 0.07407407407407407
1 0.39283854166666665 0.3296296296296296 0.03828125 0.062037037037037036
2 0.607421875 0.7668981481481482 0.03828125 0.0375
1 0.447265625 0.9273148148148148 0.05130208333333333 0.09074074074074075
1 0.37265625 0.9685185185185186 0.0484375 0.06296296296296296
1 0.41236979166666665 0.8393518518518519 0.04453125 0.06296296296296296
2 0.11875 0.7263888888888889 0.0671875 0.10092592592592593
