2 0.5618055555555556 0.7 0.05694444444444444 0.2
1 0.4534722222222222 0.2617283950617284 0.08194444444444444 0.07901234567901234
1 0.25555555555555554 0.3506172839506173 0.07777777777777778 0.11358024691358025
1 0.2625 0.5901234567901235 0.11666666666666667 0.15308641975308643
1 0.43333333333333335 0.2975308641975309 0.07222222222222222 0.08148148148148149
1 0.44722222222222224 0.4111111111111111 0.06944444444444445 0.10617283950617284
1 0.40069444444444446 0.6679012345679012 0.07916666666666666 0.13580246913580246
1 0.49236111111111114 0.6370370370370371 0.06805555555555555 0.10864197530864197
1 0.55625 0.41358024691358025 0.05694444444444444 0.11604938271604938
0 0.5090277777777777 0.46296296296296297 0.04027777777777778 0.17037037037037037
1 0.6951388888888889 0.2382716049382716 0.059722222222222225 0.0962962962962963
1 0.6402777777777777 0.3888888888888889 0.06111111111111111 0.08641975308641975
1 0.7034722222222223 0.3987654320987654 0.06527777777777778 0.0962962962962963
1 0.6104166666666667 0.5308641975308642 0.0763888888888889 0.1037037037037037
1 0.6097222222222223 0.45555555555555555 0.058333333333333334 0.07654320987654321
1 0.7138888888888889 0.5074074074074074 0.08333333333333333 0.1111111111111111
1 0.6930555555555555 0.6246913580246913 0.06944444444444445 0.1037037037037037
1 0.7048611111111112 0.8407407407407408 0.10416666666666667 0.16049382716049382
0 0.6368055555555555 0.6530864197530865 0.06805555555555555 0.12098765432098765
1 0.40069444444444446 0.9395061728395062 0.10972222222222222 0.12098765432098765
1 0.5145833333333333 0.9506172839506173 0.09583333333333334 0.09876543209876543
