1 0.4027777777777778 0.08395061728395062 0.025 0.06419753086419754
1 0.9229166666666667 0.43333333333333335 0.07916666666666666 0.1308641975308642
2 0.7805555555555556 0.3358024691358025 0.075 0.11851851851851852
2 0.058333333333333334 0.4641975308641975 0.05 0.0691358024691358
1 0.12777777777777777 0.3333333333333333 0.04722222222222222 0.05432098765432099
1 0.32569444444444445 0.39012345679012345 0.04583333333333333 0.0691358024691358
1 0.3277777777777778 0.5740740740740741 0.05555555555555555 0.08641975308641975
1 0.49027777777777776 0.6950617283950618 0.05 0.10617283950617284
1 0.5513888888888889 0.7975308641975308 0.041666666666666664 0.08395061728395062
1 0.7666666666666667 0.39753086419753086 0.03611111111111111 0.07407407407407407
1 0.7590277777777777 0.8530864197530864 0.0625 0.11604938271604938
1 0.7055555555555556 0.8432098765432099 0.041666666666666664 0.06172839506172839
