1 0.4041666666666667 0.42962962962962964 0.08055555555555556 0.14320987654320988
1 0.3888888888888889 0.30864197530864196 0.075 0.12345679012345678
1 0.050694444444444445 0.6925925925925925 0.07916666666666666 0.145679012345679
1 0.39166666666666666 0.5728395061728395 0.10277777777777777 0.18765432098765433
1 0.46319444444444446 0.24567901234567902 0.10972222222222222 0.18024691358024691
1 0.5513888888888889 0.07037037037037037 0.08333333333333333 0.13580246913580246
1 0.6555555555555556 0.145679012345679 0.10277777777777777 0.14814814814814814
1 0.8895833333333333 0.10617283950617284 0.11527777777777778 0.17777777777777778
1 0.79375 0.2345679012345679 0.09861111111111111 0.1728395061728395
1 0.375 0.8530864197530864 0.08888888888888889 0.14074074074074075
1 0.5638888888888889 0.8728395061728395 0.12777777777777777 0.23950617283950618
