3 0.7472222222222222 0.39382716049382716 0.06666666666666667 0.10123456790123457
1 0.5284722222222222 0.16790123456790124 0.09583333333333334 0.14814814814814814
1 0.4847222222222222 0.26666666666666666 0.08888888888888889 0.12839506172839507
1 0.45902777777777776 0.1654320987654321 0.07916666666666666 0.12345679012345678
1 0.4027777777777778 0.25555555555555554 0.08055555555555556 0.17530864197530865
1 0.31319444444444444 0.2654320987654321 0.0763888888888889 0.1308641975308642
1 0.5888888888888889 0.2851851851851852 0.08888888888888889 0.17037037037037037
1 0.6986111111111111 0.26666666666666666 0.11666666666666667 0.15308641975308643
1 0.7458333333333333 0.050617283950617285 0.08888888888888889 0.0962962962962963
1 0.18194444444444444 0.05308641975308642 0.08055555555555556 0.10123456790123457
1 0.7090277777777778 0.591358024691358 0.09861111111111111 0.19012345679012346
1 0.5840277777777778 0.6407407407407407 0.09861111111111111 0.17530864197530865
1 0.5069444444444444 0.7518518518518519 0.08055555555555556 0.18518518518518517
1 0.44583333333333336 0.6444444444444445 0.06666666666666667 0.1728395061728395
1 0.5708333333333333 0.9333333333333333 0.10555555555555556 0.13333333333333333
1 0.42986111111111114 0.9135802469135802 0.11527777777777778 0.1728395061728395
1 0.08541666666666667 0.808641975308642 0.08472222222222223 0.1308641975308642
2 0.12777777777777777 0.5666666666666667 0.06111111111111111 0.10617283950617284
2 0.5923611111111111 0.4691358024691358 0.1125 0.18271604938271604
2 0.4166666666666667 0.43209876543209874 0.11666666666666667 0.2123456790123457
2 0.36666666666666664 0.3691358024691358 0.05555555555555555 0.1259259259259259
2 0.35208333333333336 0.5185185185185185 0.06527777777777778 0.1382716049382716
2 0.8118055555555556 0.5925925925925926 0.09027777777777778 0.15308641975308643
3 0.6708333333333333 0.7246913580246913 0.1 0.17037037037037037
0 0.7722222222222223 0.31851851851851853 0.09444444444444444 0.25679012345679014
0 0.6090277777777777 0.7876543209876543 0.10138888888888889 0.1580246913580247
