1 0.0125 0.2814814814814815 0.022222222222222223 0.12839506172839507
0 0.49375 0.6851851851851852 0.06805555555555555 0.08641975308641975
0 0.5034722222222222 0.5604938271604938 0.05694444444444444 0.09382716049382717
2 0.5923611111111111 0.4728395061728395 0.04861111111111111 0.05185185185185185
2 0.5034722222222222 0.774074074074074 0.05416666666666667 0.07654320987654321
0 0.44375 0.8432098765432099 0.09305555555555556 0.10123456790123457
1 0.4111111111111111 0.7679012345679013 0.06944444444444445 0.12345679012345678
1 0.40069444444444446 0.6234567901234568 0.06805555555555555 0.1111111111111111
1 0.15833333333333333 0.5938271604938271 0.10833333333333334 0.1308641975308642
1 0.4263888888888889 0.45308641975308644 0.05277777777777778 0.10123456790123457
1 0.09097222222222222 0.19135802469135801 0.06527777777777778 0.07160493827160494
