3 0.24097222222222223 0.9518518518518518 0.059722222222222225 0.0962962962962963
1 0.2263888888888889 0.3160493827160494 0.08055555555555556 0.13333333333333333
1 0.1875 0.4012345679012346 0.06666666666666667 0.09135802469135802
1 0.2916666666666667 0.42345679012345677 0.05 0.11604938271604938
1 0.29305555555555557 0.5728395061728395 0.06944444444444445 0.15308641975308643
1 0.6798611111111111 0.5987654320987654 0.17083333333333334 0.3333333333333333
2 0.31666666666666665 0.20987654320987653 0.05277777777777778 0.1580246913580247
2 0.3951388888888889 0.5703703703703704 0.07916666666666666 0.1728395061728395
0 0.3909722222222222 0.8037037037037037 0.07083333333333333 0.09135802469135802
0 0.4583333333333333 0.8395061728395061 0.05277777777777778 0.09876543209876543
2 0.3923611111111111 0.8962962962962963 0.04861111111111111 0.07901234567901234
