2 0.9092447916666667 0.18101851851851852 0.02890625 0.07222222222222222
2 0.8087239583333333 0.4377314814814815 0.046614583333333334 0.0837962962962963
2 0.7705729166666667 0.3539351851851852 0.05677083333333333 0.12083333333333333
0 0.666015625 0.5835648148148148 0.03359375 0.11805555555555555
0 0.6166666666666667 0.9435185185185185 0.040625 0.11296296296296296
2 0.37591145833333334 0.8518518518518519 0.028385416666666666 0.02962962962962963
2 0.23932291666666666 0.45740740740740743 0.021354166666666667 0.040740740740740744
2 0.44557291666666665 0.17916666666666667 0.020833333333333332 0.04722222222222222
2 0.11770833333333333 0.3020833333333333 0.057291666666666664 0.055092592592592596
1 0.5203125 0.38263888888888886 0.059895833333333336 0.11157407407407408
1 0.47408854166666664 0.8305555555555556 0.062239583333333334 0.08703703703703704
