1 0.49166666666666664 0.32839506172839505 0.08611111111111111 0.12345679012345678
1 0.4534722222222222 0.49753086419753084 0.07083333333333333 0.13580246913580246
1 0.9361111111111111 0.23950617283950618 0.12777777777777777 0.2123456790123457
1 0.7944444444444444 0.30864197530864196 0.14444444444444443 0.30617283950617286
1 0.65625 0.3 0.11805555555555555 0.20987654320987653
1 0.7034722222222223 0.49753086419753084 0.15416666666666667 0.27901234567901234
1 0.9034722222222222 0.5098765432098765 0.15138888888888888 0.3234567901234568
1 0.41041666666666665 0.9493827160493827 0.1375 0.10123456790123457
1 0.5666666666666667 0.5 0.10555555555555556 0.16049382716049382
1 0.5486111111111112 0.4123456790123457 0.1 0.15308641975308643
1 0.5236111111111111 0.20493827160493827 0.09722222222222222 0.16296296296296298
1 0.2798611111111111 0.09382716049382717 0.10972222222222222 0.18271604938271604
