2 0.635546875 0.33935185185185185 0.026302083333333334 0.04259259259259259
2 0.6627604166666666 0.21736111111111112 0.03229166666666667 0.03287037037037037
2 0.7134114583333333 0.18819444444444444 0.02421875 0.02638888888888889
2 0.8408854166666667 0.2967592592592593 0.03854166666666667 0.05462962962962963
2 0.78359375 0.2710648148148148 0.044270833333333336 0.0625
2 0.3204427083333333 0.8145833333333333 0.03203125 0.050462962962962966
2 0.5541666666666667 0.5520833333333334 0.042708333333333334 0.0587962962962963
0 0.38203125 0.5659722222222222 0.0359375 0.031018518518518518
2 0.30247395833333335 0.6483796296296296 0.030989583333333334 0.02824074074074074
2 0.32838541666666665 0.31550925925925927 0.025 0.04490740740740741
2 0.29205729166666666 0.2539351851851852 0.025260416666666667 0.0375
1 0.6623697916666667 0.7067129629629629 0.07734375 0.12453703703703704
