0 0.5845052083333333 0.8458333333333333 0.10286458333333333 0.24074074074074073
2 0.891015625 0.8076388888888889 0.08828125 0.1439814814814815
2 0.8018229166666667 0.7462962962962963 0.11145833333333334 0.08888888888888889
2 0.723046875 0.8356481481481481 0.17994791666666668 0.3037037037037037
2 0.5602864583333333 0.7016203703703704 0.10234375 0.10787037037037037
2 0.973828125 0.47175925925925927 0.05234375 0.11666666666666667
2 0.5962239583333333 0.30300925925925926 0.07838541666666667 0.12546296296296297
2 0.6518229166666667 0.23194444444444445 0.07552083333333333 0.08148148148148149
2 0.6768229166666667 0.0875 0.071875 0.12777777777777777
2 0.346875 0.09675925925925925 0.03958333333333333 0.05648148148148148
2 0.4265625 0.22777777777777777 0.052083333333333336 0.08981481481481482
2 0.32669270833333336 0.555787037037037 0.06276041666666667 0.08657407407407407
2 0.23307291666666666 0.4340277777777778 0.09947916666666666 0.15694444444444444
2 0.029817708333333335 0.837037037037037 0.05703125 0.16018518518518518
2 0.08424479166666667 0.5969907407407408 0.06692708333333333 0.09398148148148149
2 0.1765625 0.24976851851851853 0.08958333333333333 0.11898148148148148
2 0.3880208333333333 0.12060185185185185 0.03177083333333333 0.056018518518518516
2 0.27109375 0.13518518518518519 0.05416666666666667 0.06018518518518518
2 0.14557291666666666 0.03333333333333333 0.05 0.06574074074074074
2 0.028776041666666665 0.40023148148148147 0.04921875 0.08657407407407407
