1 0.838671875 0.03425925925925926 0.07786458333333333 0.06759259259259259
1 0.652734375 0.46875 0.21692708333333333 0.3773148148148148
1 0.9171875 0.14074074074074075 0.11041666666666666 0.19814814814814816
1 0.83828125 0.4532407407407407 0.15 0.24722222222222223
1 0.459375 0.5143518518518518 0.18958333333333333 0.21574074074074073
1 0.573828125 0.674074074074074 0.16171875 0.21203703703703702
1 0.16575520833333332 0.42662037037037037 0.15703125 0.24027777777777778
1 0.2625 0.5872685185185185 0.1765625 0.21435185185185185
0 0.17408854166666668 0.8532407407407407 0.13203125 0.2935185185185185
2 0.35572916666666665 0.4039351851851852 0.171875 0.3106481481481482
1 0.9704427083333333 0.22152777777777777 0.05911458333333333 0.2652777777777778
