2 0.9692708333333333 0.5324074074074074 0.044270833333333336 0.05092592592592592
2 0.9106770833333333 0.7310185185185185 0.044270833333333336 0.07037037037037037
2 0.75703125 0.6326388888888889 0.04895833333333333 0.08194444444444444
2 0.6997395833333333 0.6645833333333333 0.0359375 0.05787037037037037
2 0.5407552083333333 0.7178240740740741 0.03723958333333333 0.034722222222222224
2 0.569140625 0.5444444444444444 0.022135416666666668 0.03611111111111111
2 0.4954427083333333 0.4546296296296296 0.03515625 0.037037037037037035
2 0.7901041666666667 0.07152777777777777 0.036458333333333336 0.047685185185185185
2 0.5514322916666666 0.3196759259259259 0.031510416666666666 0.0587962962962963
2 0.5278645833333333 0.22291666666666668 0.033854166666666664 0.056018518518518516
2 0.231640625 0.46273148148148147 0.03463541666666667 0.05787037037037037
2 0.23893229166666666 0.18009259259259258 0.026822916666666665 0.032407407407407406
2 0.26067708333333334 0.17708333333333334 0.026041666666666668 0.031018518518518518
2 0.19583333333333333 0.14814814814814814 0.03333333333333333 0.040740740740740744
2 0.16223958333333333 0.19398148148148148 0.030208333333333334 0.041666666666666664
