2 0.5720052083333333 0.4115740740740741 0.023697916666666666 0.04351851851851852
2 0.5385416666666667 0.38842592592592595 0.018229166666666668 0.03611111111111111
2 0.39348958333333334 0.5729166666666666 0.022395833333333334 0.033796296296296297
2 0.5203125 0.5650462962962963 0.03697916666666667 0.07731481481481481
2 0.523046875 0.6270833333333333 0.03515625 0.06157407407407407
0 0.4220052083333333 0.6854166666666667 0.03307291666666667 0.03935185185185185
2 0.4298177083333333 0.7201388888888889 0.02421875 0.034722222222222224
2 0.2537760416666667 0.9125 0.03984375 0.06944444444444445
2 0.10716145833333333 0.6724537037037037 0.03046875 0.02546296296296296
2 0.06861979166666667 0.7199074074074074 0.04244791666666667 0.046296296296296294
2 0.139453125 0.7405092592592593 0.039322916666666666 0.06157407407407407
2 0.09752604166666666 0.7543981481481481 0.01796875 0.02175925925925926
2 0.08294270833333334 0.8224537037037037 0.017447916666666667 0.031018518518518518
2 0.25078125 0.6601851851851852 0.0203125 0.026851851851851852
2 0.20611979166666666 0.6655092592592593 0.029947916666666668 0.03194444444444444
