2 0.5493489583333333 0.6175925925925926 0.026302083333333334 0.12407407407407407
2 0.39309895833333336 0.5914351851851852 0.02734375 0.11157407407407408
2 0.6684895833333333 0.9543981481481482 0.0515625 0.0912037037037037
2 0.302734375 0.07615740740740741 0.05807291666666667 0.08009259259259259
2 0.4783854166666667 0.15555555555555556 0.046875 0.12962962962962962
2 0.6026041666666667 0.40370370370370373 0.05677083333333333 0.09537037037037037
2 0.18854166666666666 0.7125 0.08697916666666666 0.12407407407407407
2 0.36302083333333335 0.8453703703703703 0.09895833333333333 0.22037037037037038
1 0.4432291666666667 0.8696759259259259 0.06927083333333334 0.13657407407407407
1 0.73359375 0.7386574074074074 0.04635416666666667 0.06712962962962964
