1 0.7453125 0.049074074074074076 0.07135416666666666 0.09722222222222222
1 0.8174479166666667 0.06319444444444444 0.1046875 0.12546296296296297
1 0.6872395833333333 0.2136574074074074 0.08697916666666666 0.1476851851851852
1 0.557421875 0.16273148148148148 0.10755208333333334 0.20694444444444443
1 0.45989583333333334 0.1988425925925926 0.09375 0.13842592592592592
1 0.46627604166666664 0.6391203703703704 0.12421875 0.1912037037037037
2 0.87578125 0.700462962962963 0.10677083333333333 0.24074074074074073
0 0.6118489583333333 0.8347222222222223 0.08776041666666666 0.30185185185185187
1 0.5358072916666666 0.31342592592592594 0.10390625 0.14722222222222223
0 0.31080729166666665 0.3284722222222222 0.07578125 0.13842592592592592
2 0.40846354166666665 0.18171296296296297 0.10182291666666667 0.1587962962962963
