2 0.48359375 0.5305555555555556 0.08229166666666667 0.18518518518518517
2 0.6076822916666667 0.7025462962962963 0.09140625 0.09861111111111111
0 0.5588541666666667 0.6756944444444445 0.06927083333333334 0.22916666666666666
0 0.25729166666666664 0.43171296296296297 0.1375 0.19212962962962962
2 0.26861979166666666 0.062037037037037036 0.07838541666666667 0.1
0 0.387890625 0.05578703703703704 0.10286458333333333 0.11064814814814815
0 0.653125 0.17731481481481481 0.06875 0.06851851851851852
2 0.43671875 0.21180555555555555 0.09583333333333334 0.07731481481481481
2 0.32278645833333336 0.18912037037037038 0.07161458333333333 0.05787037037037037
2 0.8028645833333333 0.7185185185185186 0.042708333333333334 0.03888888888888889
2 0.9821614583333333 0.74375 0.03567708333333333 0.03935185185185185
