2 0.12174479166666667 0.8840277777777777 0.029947916666666668 0.05694444444444444
2 0.8395833333333333 0.5275462962962963 0.04791666666666667 0.07361111111111111
2 0.7859375 0.4888888888888889 0.0203125 0.02962962962962963
2 0.779296875 0.4650462962962963 0.028385416666666666 0.04861111111111111
2 0.7481770833333333 0.47685185185185186 0.0140625 0.022222222222222223
2 0.8114583333333333 0.41412037037037036 0.028645833333333332 0.04398148148148148
2 0.734375 0.861574074074074 0.0890625 0.16203703703703703
2 0.7278645833333334 0.9613425925925926 0.0578125 0.07731481481481481
0 0.53671875 0.9564814814814815 0.05677083333333333 0.06481481481481481
2 0.542578125 0.6743055555555556 0.03203125 0.04953703703703704
2 0.389453125 0.6731481481481482 0.02421875 0.03148148148148148
2 0.33893229166666666 0.7361111111111112 0.03515625 0.032407407407407406
2 0.3421875 0.6680555555555555 0.0390625 0.037037037037037035
2 0.22578125 0.7733796296296296 0.05677083333333333 0.08564814814814815
2 0.20846354166666667 0.6752314814814815 0.040364583333333336 0.033796296296296297
2 0.14010416666666667 0.7363425925925926 0.052083333333333336 0.06527777777777778
2 0.06380208333333333 0.7293981481481482 0.0484375 0.04398148148148148
