2 0.055989583333333336 0.49560185185185185 0.0234375 0.06805555555555555
2 0.38033854166666664 0.4041666666666667 0.05078125 0.07037037037037037
2 0.5110677083333334 0.40046296296296297 0.05807291666666667 0.05277777777777778
2 0.5919270833333333 0.34305555555555556 0.0625 0.040740740740740744
2 0.5610677083333333 0.5375 0.08151041666666667 0.1398148148148148
1 0.38307291666666665 0.2814814814814815 0.06041666666666667 0.06574074074074074
1 0.4200520833333333 0.3414351851851852 0.040625 0.07546296296296297
2 0.6540364583333333 0.038657407407407404 0.04401041666666667 0.033796296296296297
2 0.8356770833333333 0.1787037037037037 0.03229166666666667 0.05092592592592592
2 0.9061197916666667 0.9490740740740741 0.048177083333333336 0.10185185185185185
2 0.04635416666666667 0.9351851851851852 0.0921875 0.11481481481481481
2 0.5639322916666667 0.9631944444444445 0.045572916666666664 0.07361111111111111
