1 0.5686197916666667 0.2099537037037037 0.038802083333333334 0.09583333333333334
1 0.34934895833333335 0.2263888888888889 0.08359375 0.11666666666666667
1 0.2526041666666667 0.4671296296296296 0.04010416666666667 0.07962962962962963
1 0.36028645833333334 0.43680555555555556 0.03203125 0.06527777777777778
1 0.23736979166666666 0.5712962962962963 0.02578125 0.058333333333333334
1 0.27760416666666665 0.5731481481481482 0.050520833333333334 0.09351851851851851
1 0.331640625 0.5555555555555556 0.05234375 0.09166666666666666
1 0.315625 0.6435185185185185 0.053125 0.09074074074074075
1 0.4080729166666667 0.9164351851851852 0.05520833333333333 0.10416666666666667
1 0.5044270833333333 0.3326388888888889 0.04635416666666667 0.09675925925925925
