2 0.061328125 0.1400462962962963 0.08880208333333334 0.13564814814814816
2 0.151171875 0.04791666666666667 0.06536458333333334 0.0587962962962963
2 0.30638020833333335 0.1136574074074074 0.05703125 0.06805555555555555
2 0.12682291666666667 0.31504629629629627 0.1015625 0.13657407407407407
2 0.46263020833333335 0.1699074074074074 0.07473958333333333 0.10277777777777777
2 0.5154947916666667 0.10555555555555556 0.05651041666666667 0.053703703703703705
2 0.22317708333333333 0.3921296296296296 0.059895833333333336 0.05277777777777778
2 0.5428385416666667 0.48171296296296295 0.14661458333333333 0.19398148148148148
2 0.7696614583333333 0.24837962962962962 0.05546875 0.09675925925925925
2 0.8973958333333333 0.5381944444444444 0.06979166666666667 0.12916666666666668
2 0.9610677083333333 0.5888888888888889 0.07473958333333333 0.14537037037037037
0 0.43359375 0.5041666666666667 0.0859375 0.17685185185185184
2 0.2721354166666667 0.034027777777777775 0.035416666666666666 0.04398148148148148
