1 0.4270833333333333 0.18796296296296297 0.0578125 0.10277777777777777
1 0.3470052083333333 0.8164351851851852 0.06692708333333333 0.12916666666666668
1 0.33567708333333335 0.7231481481481481 0.06197916666666667 0.09351851851851851
1 0.27825520833333334 0.8060185185185185 0.06796875 0.13333333333333333
1 0.220703125 0.8599537037037037 0.04973958333333333 0.08564814814814815
1 0.20677083333333332 0.7280092592592593 0.0515625 0.10324074074074074
1 0.2984375 0.32731481481481484 0.0796875 0.13148148148148148
1 0.3606770833333333 0.03587962962962963 0.0515625 0.07083333333333333
1 0.28541666666666665 0.059722222222222225 0.07135416666666666 0.1175925925925926
1 0.07565104166666667 0.0912037037037037 0.05234375 0.07592592592592592
