2 0.21549479166666666 0.35694444444444445 0.05026041666666667 0.058333333333333334
2 0.42916666666666664 0.15601851851851853 0.0421875 0.04814814814814815
2 0.2755208333333333 0.22847222222222222 0.05625 0.08101851851851852
2 0.29296875 0.14722222222222223 0.05520833333333333 0.08148148148148149
2 0.44947916666666665 0.5363425925925925 0.0625 0.11342592592592593
2 0.37799479166666666 0.39861111111111114 0.10651041666666666 0.12777777777777777
2 0.4766927083333333 0.4127314814814815 0.07630208333333334 0.09768518518518518
2 0.37526041666666665 0.3050925925925926 0.06822916666666666 0.05
2 0.42356770833333335 0.2502314814814815 0.05546875 0.06342592592592593
2 0.483203125 0.24768518518518517 0.06067708333333333 0.07777777777777778
2 0.5365885416666667 0.21851851851851853 0.05130208333333333 0.06388888888888888
2 0.6735677083333333 0.19768518518518519 0.06484375 0.09814814814814815
2 0.6494791666666667 0.12337962962962963 0.06145833333333333 0.08009259259259259
2 0.9223958333333333 0.7939814814814815 0.0953125 0.13796296296296295
2 0.7149739583333333 0.9381944444444444 0.10703125 0.12361111111111112
2 0.15677083333333333 0.6027777777777777 0.07552083333333333 0.12407407407407407
2 0.13424479166666667 0.8597222222222223 0.08098958333333334 0.18055555555555555
0 0.8682291666666667 0.6196759259259259 0.07447916666666667 0.16435185185185186
0 0.5389322916666667 0.6094907407407407 0.10755208333333334 0.11527777777777778
