2 0.6337239583333333 0.44837962962962963 0.029947916666666668 0.06435185185185185
1 0.4427083333333333 0.24375 0.0578125 0.08564814814814815
1 0.47265625 0.3854166666666667 0.04583333333333333 0.08842592592592592
1 0.209765625 0.4439814814814815 0.06067708333333333 0.08703703703703704
1 0.20091145833333332 0.6101851851851852 0.09348958333333333 0.12777777777777777
1 0.37330729166666665 0.9041666666666667 0.05390625 0.10185185185185185
1 0.6421875 0.5537037037037037 0.059375 0.09814814814814815
1 0.7859375 0.7393518518518518 0.04583333333333333 0.07037037037037037
1 0.7947916666666667 0.8314814814814815 0.05520833333333333 0.10833333333333334
1 0.5526041666666667 0.8495370370370371 0.04895833333333333 0.09444444444444444
1 0.7138020833333333 0.4011574074074074 0.023958333333333335 0.04490740740740741
1 0.764453125 0.3976851851851852 0.020572916666666666 0.03518518518518519
1 0.828125 0.45092592592592595 0.019791666666666666 0.03796296296296296
