3 0.17161458333333332 0.3127314814814815 0.03802083333333333 0.0375
3 0.170703125 0.2650462962962963 0.046614583333333334 0.03287037037037037
2 0.03229166666666667 0.041435185185185186 0.0640625 0.07175925925925926
2 0.026953125 0.16643518518518519 0.053385416666666664 0.09490740740740741
2 0.16341145833333334 0.08865740740740741 0.06380208333333333 0.08287037037037037
2 0.22786458333333334 0.14444444444444443 0.049479166666666664 0.075
2 0.39010416666666664 0.14606481481481481 0.08958333333333333 0.15694444444444444
2 0.23580729166666667 0.3247685185185185 0.04765625 0.07268518518518519
2 0.5119791666666667 0.21712962962962962 0.030208333333333334 0.1574074074074074
2 0.5631510416666666 0.14907407407407408 0.09296875 0.15648148148148147
2 0.594921875 0.05694444444444444 0.07942708333333333 0.10648148148148148
2 0.669140625 0.11666666666666667 0.07421875 0.16018518518518518
2 0.5513020833333333 0.3729166666666667 0.09895833333333333 0.18287037037037038
0 0.618359375 0.3053240740740741 0.05859375 0.24305555555555555
2 0.4322916666666667 0.43842592592592594 0.07708333333333334 0.08148148148148149
2 0.4798177083333333 0.5233796296296296 0.06953125 0.1412037037037037
2 0.25338541666666664 0.45069444444444445 0.08958333333333333 0.11435185185185186
2 0.35494791666666664 0.5844907407407407 0.10729166666666666 0.1449074074074074
2 0.14505208333333333 0.5108796296296296 0.0671875 0.09027777777777778
2 0.16119791666666666 0.6055555555555555 0.07083333333333333 0.10185185185185185
2 0.24401041666666667 0.6474537037037037 0.08854166666666667 0.1310185185185185
2 0.319921875 0.7226851851851852 0.10546875 0.16574074074074074
2 0.10598958333333333 0.7710648148148148 0.11197916666666667 0.18935185185185185
2 0.409375 0.6789351851851851 0.09427083333333333 0.12361111111111112
2 0.3890625 0.8277777777777777 0.1125 0.18333333333333332
2 0.501953125 0.7789351851851852 0.11067708333333333 0.20787037037037037
2 0.5721354166666667 0.6381944444444444 0.07864583333333333 0.17546296296296296
2 0.7208333333333333 0.8453703703703703 0.1 0.17314814814814813
2 0.7971354166666667 0.9298611111111111 0.10833333333333334 0.14027777777777778
2 0.7052083333333333 0.9469907407407407 0.07083333333333333 0.08194444444444444
2 0.5979166666666667 0.8835648148148149 0.09583333333333334 0.19768518518518519
2 0.544140625 0.93125 0.11328125 0.1375
0 0.30911458333333336 0.8497685185185185 0.03802083333333333 0.09675925925925925
