2 0.40013020833333335 0.8865740740740741 0.03307291666666667 0.0712962962962963
2 0.05911458333333333 0.04976851851851852 0.0421875 0.07546296296296297
2 0.10716145833333333 0.01574074074074074 0.04088541666666667 0.030555555555555555
2 0.17864583333333334 0.11180555555555556 0.05416666666666667 0.08657407407407407
2 0.3274739583333333 0.17754629629629629 0.05859375 0.08009259259259259
2 0.5421875 0.7129629629629629 0.04375 0.08796296296296297
2 0.7529947916666667 0.7956018518518518 0.03671875 0.10787037037037037
2 0.9552083333333333 0.7261574074074074 0.041666666666666664 0.06157407407407407
2 0.787890625 0.8747685185185186 0.024739583333333332 0.055092592592592596
2 0.8016927083333333 0.9537037037037037 0.02265625 0.05740740740740741
